82.53
21.49
98.45
9
95.3
99
88.26
26.68
13.31
36.20
29.44
76.18
45
31.40
31.99
30.53
59.38
12.2
59.6
2.14
73.39
26.27
29.88
13.41
25.60
70.34
57.13
26.84
73.59
12.32
41.82
56.75
38.24
48.38
45
88.8
87.13
80.63
57.91
43.3
64.56
67.16
46.14
32.72
36.91
62.1
10.12
73.33
73.83
77.58
77.12
90.76
17.32
94.7
63.38
33.50
21.72
31.29
38.53
13.32
72.80
6.22
83.89
34.26
21.64
10.43
79.95
19.24
5.71
97.96
12.97
39.85
75.49
45
16.57
13.68
86.62
30.68
41.17
32.21
77.45
80.39
9
48.1
52.18
61.94
94.32
39.42
57.92
98.91
80.82
28.29
47.39
99.22
68.91
74.16
88.51
85.3
16.11
60.13